54 66 86 8 29 51 32 15 
77.7 19.1 44.3 24.8 80.6 22.7 38.4 16.6
51.8 72.6 68.4 7.1 16.2 39.7 48.8 36.6 
62.1 36.4 86.8 2.5 6.2 49.5 41.9 16.6 
79.6 78.7 29.0 55.2 19.1 19.7 45.6 6.2 
62.0 21.3 96.5 93.2 59.9 23.2 34.9 11.5 
56.7 47.3 72.9 5.7 8.3 22.5 56.3 7.8 
88.1 73.8 52.6 6.6 6.2 22.2 45.3 33.6 
63.8 57.2 59.1 0.5 19.5 55.2 38.3 17.1
66.0 32.7 44.6 48.0 82.2 22.3 57.4 0.6 
49.0 55.8 80.2 64.3 23.9 44.3 58.6 33.6 
65.5 63.3 59.2 19.1 1.1 18.8 48.7 0.1 
82.2 11.4 61.4 57.7 68.2 28.5 51.5 23.0 
58.3 73.9 21.6 97.9 38.8 24.6 44.5 19.3
71.5 42.2 79.8 28.8 41.1 51.3 43.9 6.8 
49.0 75.5 57.5 17.9 17.7 58.5 35.0 0.5 
51.4 71.1 71.4 93.6 4.5 33.6 48.6 40.1 
90.4 5.3 66.6 14.3 71.1 39.87 40.6 21.0 
92.1 20.8 81.5 86.7 21.1 51.0 40.0 13.2 
72.8 51.0 96.6 35.7 41.2 57.7 57.2 6.6 
55.4 64.2 85.8 43.8 14.0 62.1 58.1 10.4 
80.2 5.1 90.6 68.6 24.6 28.4 65.3 4.9 
75.4 78.2 70.2 24.6 20.6 39.3 47.1 14.5 
56.8 16.6 80.5 36.6 97.0 38.8 36.6 2.5 
58.2 91.0 53.4 3.7 49.3 84.6 38.1 17.8 
55.1 17.8 66.8 91.4 37.3 31.9 59.8 3.0 
80.7 80.1 82.9 76.7 10.5 46.4 69.7 3.2
51.6 73.4 85.3 22.9 20.5 81.2 39.3 13.7 
65.8 63.1 25.4 13.2 11.4 19.2 43.8 3.4 
54.4 52.2 98.2 18.9 18.8 42.1 38.8 1.3
