1	54	66	86	8	29	51	32	15	-1.0943e+07
2	5.1314	59.267	16.29	83.841	16.756	50.22	99.933	35.541	Inf
3	4.7078	21.366	39.784	33.367	22.96	93.612	68.319	96.211	Inf
4	43.797	94.034	0.58343	61.031	80.108	23.298	93.247	76.326	Inf
5	82.645	57.346	79.258	32.904	22.346	31.239	58.452	82.991	Inf
6	29.046	40.255	86.206	61.474	99.119	20.37	82.721	67.586	Inf
7	24.895	47.579	39.908	59.944	80.052	10.507	82.144	84.109	Inf
8	35.451	43.007	57.224	70.082	74.247	75.788	38.913	42.93	Inf
9	95.634	57.297	84.972	27.635	62.232	58.836	96.347	8.5903	Inf
10	50.05	52.159	9.0166	90.467	88.439	43.899	78.172	14.847	Inf
11	61.982	26.062	44.566	84.4	19.62	30.385	48.329	33.781	Inf
12	79.849	98.749	15.905	23.688	70.224	37.547	97.37	97.231	Inf
13	64.37	86.01	40.188	63.193	98.524	55.948	93.359	72.034	Inf
14	48.404	63.903	88.764	19.874	39.537	99.218	40.235	65.886	Inf
15	90.135	99.538	65.316	10.844	3.6114	61.809	56.714	96.196	Inf
16	74.611	66.252	52.331	25.989	96.199	54.02	3.027	69.631	Inf
17	51.972	5.9031	89.004	33.02	22.97	11.395	31.092	22.843	Inf
18	65.2	6.616	27.543	28.182	88.007	44.433	75.591	60.33	Inf
19	78.327	11.393	97.856	84.86	5.0646	46.62	32.565	63.021	Inf
20	23.03	57.988	60.316	59.988	44.843	3.5423	51.381	40.773	Inf
21	54	66	86	8	29	51	32	15	-1.0943e+07
22	25.389	61.376	35.068	59.173	21.204	50.257	70.125	35.393	Inf
23	6.0868	39.596	52.006	24.56	23.602	82.037	55.562	57.375	Inf
24	46.451	80.664	3.7266	55.541	60.303	35.96	69.282	67.264	Inf
25	74.471	59.821	80.222	24.198	24.995	35.602	52.551	67.161	Inf
26	30.587	42.713	86.191	45.832	96.547	32.964	64.388	43.243	Inf
27	39.055	50.941	47.032	56.803	56.676	13.25	73.817	53.097	Inf
28	38.604	52.741	60.764	52.032	53.033	75.196	38.726	42.642	Inf
29	79.212	57.699	85.094	25.243	60.491	55.473	73.883	10.942	Inf
30	51.966	53.016	27.008	63.389	79.815	46.578	65.287	14.879	Inf
31	58.171	31.409	49.747	48.963	19.942	33.471	43.499	31.872	Inf
32	73.183	85.03	48.176	19.78	64.502	41.936	67.388	76.268	Inf
33	63.893	81.987	46.95	54.735	94.854	54.479	84.685	67.608	Inf
34	50.644	64.865	88.574	16.877	37.403	95.033	37.867	50.462	Inf
35	75.655	93.728	66.178	10.117	8.2681	57.813	50.23	63.534	Inf
36	68.999	66.175	65.133	18.296	83.335	53.893	13.658	60.563	Inf
37	52.716	19.039	88.433	20.765	24.173	20.112	31.163	21.565	-8.5241e+06
38	64.734	20.326	28.431	20.581	67.353	45.137	60.772	47.699	Inf
39	72.649	18.328	95.3	57.862	9.8796	47.018	32.323	48.994	Inf
40	33.558	58.536	71.339	54.793	40.032	16.428	49.808	40.7	Inf
41	74	86	100	28	49	71	52	35	Inf
42	34	46	66	0	9	31	12	0	Inf
43	74	66	86	8	29	51	32	15	-2.4662e+07
44	64.245	66	86	8	29	51	32	15	Inf
45	52.851	63.627	62.42	21.806	26.588	50.612	33.216	26.968	-1.0212e+07
46	38.776	59.906	68.212	10.67	25.09	71.936	40.28	14.803	Inf
47	54.485	68.981	41.67	40.689	40.332	46.949	40.005	37.886	Inf
48	68.823	63.629	83.376	9.7695	27.545	42.412	39.788	37.95	Inf
49	44.054	49.377	86.154	28.519	94.187	46.461	39.029	27.391	Inf
50	57.7	56.943	63.963	37.7	36.207	23.704	67.068	12.358	Inf
51	41.941	61.95	74.332	29.48	34.572	67.397	35.981	31.458	Inf
52	64.179	61.684	85.367	16.642	58.223	51.784	59.477	14.53	Inf
53	63.372	55.788	60.936	31.94	69.602	49.612	41.887	14.913	Inf
54	57.206	41.998	66.815	13.341	23.17	39.701	37.484	28.951	-1.2249e+07
55	68.147	71.135	90.792	17.007	57.288	48.788	36.938	52.906	Inf
56	68.558	74.767	68.271	38.493	77.043	51.742	52.821	50.582	Inf
57	57.187	65.893	88.438	14.938	34.382	81.322	36.327	27.848	-1.3152e+07
58	68.62	77.343	75.06	8.683	12.275	53.58	37.245	33.384	Inf
59	67.611	66.13	76.633	7.1904	58.433	53.447	28.657	52.958	Inf
60	56.352	39.763	86.868	7.0604	25.834	37.183	31.428	17.465	-1.1637e+07
61	68.369	38.64	39.455	15.143	47.81	46.597	48.948	34.975	Inf
62	68.328	31.454	92.963	36.008	12.779	48.78	32.046	29.01	Inf
63	40.725	61.537	80.048	36.698	33.699	31.558	42.394	34.153	Inf
64	94	86	100	28	49	71	52	35	Inf
65	54	46	66	0	9	31	12	0	Inf
66	94	66	86	8	29	51	32	15	Inf
67	74	86	86	8	29	51	32	15	Inf
68	74	66	100	8	29	51	32	15	-2.4653e+07
69	74	66	86	28	29	51	32	15	-2.4664e+07
70	80.57	66	86	17.734	29	51	32	15	Inf
71	87.118	66.69	98.805	0	31.474	51.036	0	16.334	Inf
72	53.533	77.957	76.955	13.386	26.754	62.331	29.995	5.9505	-1.1076e+07
73	63.552	64.118	73.776	28.722	27.719	54.74	16.468	25.839	Inf
74	64.542	64.908	85.508	3.7877	28.897	47.881	33.424	13.183	Inf
75	58.437	50.938	86.093	20.854	72.017	56.29	32.23	27.98	Inf
76	67.134	61.418	69.898	21.097	29.876	40.826	65.955	0	-1.0143e+07
77	58.739	67.285	85.508	11.815	35.204	58.402	33.256	22.019	Inf
78	68.246	64.165	85.689	18.64	47.77	50.258	45.409	15.057	-1.4222e+07
79	71.441	59.357	91.192	27.348	48.805	50.245	30.082	14.974	Inf
80	60.803	55.781	85.183	0	27.576	49.77	31.514	21.594	-1.391e+07
81	64.852	69.503	100	18.468	46.153	50.532	22.502	35.72	Inf
82	71.712	68.149	90.596	28.722	51.796	50.816	25.041	32.636	Inf
83	66.988	66.847	87.713	13.636	29.25	64.617	34.36	3.6951	Inf
84	67.487	61.727	83.19	10.374	17.538	50.868	25.304	15.992	Inf
85	68.403	66.062	82.185	10.449	29.962	52.883	41.966	37.869	Inf
86	60.459	64.315	85.183	0	28.044	57.04	31.902	13.399	-1.4168e+07
87	72.056	46.928	52.277	13.7	43.226	49.656	34.722	19.644	Inf
88	67.78	50.523	89.817	22.27	19.291	50.769	32.015	7.5414	Inf
89	44.992	63.531	85.754	25.489	27.758	47.19	37.812	24.025	Inf
90	94	86	100	48	49	71	52	35	Inf
91	54	46	66	8	9	31	12	0	Inf
92	94	66	86	28	29	51	32	15	Inf
93	74	86	86	28	29	51	32	15	Inf
94	74	66	100	28	29	51	32	15	-2.4638e+07
95	74	66	86	48	29	51	32	15	-2.465e+07
96	74	66	86	28	49	51	32	15	Inf
97	74	66	86	28	29	71	32	15	Inf
98	74	66	86	28	29	51	52	15	-2.4663e+07
99	74	66	86	28	29	51	32	35	Inf
100	54	66	86	28	29	51	32	15	Inf
101	74	46	86	28	29	51	32	15	Inf
102	74	66	66	28	29	51	32	15	Inf
103	74	66	86	8	29	51	32	15	-2.4662e+07
104	74	66	86	28	9	51	32	15	Inf
105	74	66	86	28	29	31	32	15	Inf
106	74	66	86	28	29	51	12	15	Inf
107	74	66	86	28	29	51	32	0	-1.3532e+07
108	92.227	66	86	35.95	29	51	32	15	Inf
109	100	69.221	100	0	32.748	51.38	0	8.0236	Inf
110	68.71	92.706	85.059	20.277	29.123	50.801	20.776	2.4734	Inf
111	67.508	65.513	98.341	27.971	31.449	48.439	5.0655	21.101	Inf
112	73.233	63.809	85.389	1.4327	28.333	44.831	34.824	20.003	-2.4409e+07
113	73.474	55.833	86.018	32.661	46.229	55.794	35.627	44.311	-1.5995e+07
114	76.747	66.225	81.813	8.0063	23.956	60.157	62.912	0	-1.5689e+07
115	72.079	67.7	87.648	25.161	38.79	54.186	32.996	14.167	-2.2889e+07
116	74.244	66.757	85.987	22.191	31.1	48.948	26.646	15.522	Inf
117	75.348	63.531	84.997	25.731	41.686	50.595	26.748	14.987	Inf
118	68.573	73.215	100	0	32.04	59.188	26.33	13.342	Inf
119	71.183	67.66	65.086	23.906	37.779	49.704	17.669	37.283	Inf
120	72.602	65.433	89.026	25.206	45.77	50.741	5.4101	22.907	Inf
121	77.893	66.972	86.557	16.808	25.277	52.233	33.142	0	-1.549e+07
122	71.497	57.782	87.234	12.644	23.359	50.288	25.472	19.616	Inf
123	72.208	65.993	78.977	18.334	32.708	52.053	43.523	21.804	-8.9573e+06
124	69.687	87.214	84.02	0	30.193	74.178	32.344	10.532	Inf
125	74.188	40.549	60.91	17.248	55.553	52.71	36.236	18.827	-2.2374e+07
126	71.98	51.488	85.575	27.247	23.64	51.67	32.174	0	Inf
127	57.397	66.257	85.166	27.333	30.009	44.447	37.848	16.781	Inf
128	84	76	96	38	39	61	42	25	Inf
129	64	56	76	18	19	41	22	5	Inf
130	84	66	86	28	29	51	32	15	Inf
131	74	76	86	28	29	51	32	15	-2.4455e+07
132	74	66	96	28	29	51	32	15	-2.4644e+07
133	74	66	86	38	29	51	32	15	-2.4665e+07
134	88.537	66	86	53.035	29	51	32	15	Inf
135	91.744	68.705	100	9.216	31.742	51.659	3.4331	9.5717	Inf
136	78.488	96.727	89.847	27.21	30.569	44.569	16.094	4.3236	Inf
137	67.963	72.883	100	42.303	54.773	39.352	24.089	37.281	Inf
138	81.227	63.115	85.361	8.1108	27.902	42.24	35.843	25.487	Inf
139	87.042	65.281	85.95	45.009	21.198	54.764	38.064	56.089	Inf
140	84.123	70.461	93.119	8.1906	18.996	75.221	50.738	0	Inf
141	84.99	67.435	88.763	38.656	41.541	49.783	32.514	7.3475	Inf
142	76.669	68.246	86.196	30.602	17.868	48.515	21.374	15.664	Inf
143	74.733	67.86	57.486	35.131	30.947	49.007	33.148	14.978	Inf
144	73.737	82.624	100	0	34.74	63.805	24.293	8.5877	Inf
145	78.706	71.753	15.086	29.048	44.912	45.431	24.454	52.465	Inf
146	73.161	70.961	65.825	36.826	44.252	52.789	21.864	14.306	Inf
147	87.033	67.001	85.408	29.404	22.126	40.879	31.862	0	Inf
148	81.036	71.959	80.657	15.66	25.522	51.798	37.069	56.306	Inf
149	75.82	65.933	78.465	31.331	34.533	51.115	43.935	4.6592	-2.3230e+07
150	76.534	94.598	83.885	3.0549	30.802	71.448	32.461	9.9075	Inf
151	76.012	43.847	70.869	29.343	54.557	54.632	36.388	17.016	Inf
152	76.342	44.371	85.244	38.239	24.575	51.008	32.344	14.847	Inf
153	64.355	65.962	76.384	46.302	37.872	32.143	35.985	14.78	-1.9474e+07
154	84	76	96	48	39	61	42	25	Inf
155	64	56	76	28	19	41	22	5	Inf
156	84	66	86	38	29	51	32	15	Inf
157	74	76	86	38	29	51	32	15	-2.4456e+07
158	74	66	96	38	29	51	32	15	-2.4645e+07
159	74	66	86	48	29	51	32	15	-2.465e+07
160	74	66	86	38	39	51	32	15	Inf
161	74	66	86	38	29	61	32	15	Inf
162	74	66	86	38	29	51	42	15	-2.4664e+07
163	74	66	86	38	29	51	32	25	Inf
164	64	66	86	38	29	51	32	15	Inf
165	74	56	86	38	29	51	32	15	Inf
166	74	66	76	38	29	51	32	15	Inf
167	74	66	86	28	29	51	32	15	-2.4664e+07
168	74	66	86	38	19	51	32	15	Inf
169	74	66	86	38	29	41	32	15	-2.4236e+07
170	74	66	86	38	29	51	22	15	Inf
171	74	66	86	38	29	51	32	5	-2.3691e+07
172	79.555	66	86	66.127	29	51	32	15	Inf
173	70.281	65.099	82.522	34.491	29.651	51.39	25.358	19.723	Inf
174	84.799	83.186	91.325	35.111	29.814	47.503	18.359	11.546	Inf
175	64.744	84.268	69.323	59.872	69.999	34.363	51.31	63.938	Inf
176	83.757	63.974	85.508	26.464	27.802	44.234	36.237	26.655	Inf
177	94.074	70.132	85.918	54.88	2.6849	53.118	38.28	47.991	Inf
178	89.519	72.523	100	17.701	19.883	75.351	33.813	0	Inf
179	89.932	66.643	88.712	49.602	38.318	46.088	31.993	5.6257	Inf
180	77.848	68.122	86.311	39.207	13.811	50.072	17.832	15.281	Inf
181	62.252	63.163	30.215	49.306	41.92	48.36	40.019	14.947	Inf
182	73.602	86.322	99.986	10.675	32.061	58.574	25.81	13.09	Inf
183	84.717	76.348	0	35.042	56.913	40.095	37.725	50.622	Inf
184	71.719	81.218	48.128	57.867	63.399	55.099	48.407	12.88	Inf
185	88.085	66.656	84.662	41.319	22.221	35.91	31.192	0	Inf
186	88.395	87.978	73.642	19.391	26.421	53.164	56.275	88.177	Inf
187	78.222	65.88	81.111	45.568	33.414	50.26	38.818	0	Inf
188	81.433	84.91	84.534	19.911	31.035	57.849	32.497	12.593	Inf
189	76.645	55.474	79.826	38.589	44.904	55.827	35.451	14.579	Inf
190	80.033	31.791	89.213	61.854	22.714	49.166	32.43	30.07	Inf
191	75.006	65.699	69.904	63.131	42.7	28.332	33.746	13.006	Inf
192	79	71	91	43	34	56	37	20	Inf
193	69	61	81	33	24	46	27	10	Inf
194	79	66	86	38	29	51	32	15	Inf
195	74	71	86	38	29	51	32	15	-2.4552e+07
196	74	66	91	38	29	51	32	15	-2.4648e+07
197	74	66	86	43	29	51	32	15	-2.465e+07
198	74	66	86	38	34	51	32	15	-2.3953e+07
199	74	66	86	38	29	56	32	15	-2.4832e+07
200	70.2	66	86	56.777	29	55.029	32	15	Inf
201	45.216	62.08	66.62	57.355	26.095	51.628	46.21	28.755	Inf
202	70.968	66.19	89.981	39.241	28.629	53.527	23.147	15.664	Inf
203	61.005	95.464	31.036	75.459	74.468	34.489	72.974	80.013	Inf
204	81.138	65.417	85.831	38.426	27.858	49.874	35.308	24.56	Inf
205	87.279	69.353	85.954	59.857	0	53	35.411	32.015	Inf
206	88.881	70.927	94.761	25.285	25.208	69.497	22.993	0	Inf
207	88.969	66.186	87.277	56.582	31.423	46.847	31.909	11.451	Inf
208	76.777	65.951	86.138	42.36	17.034	54.227	22.006	14.752	Inf
209	52.08	59.57	9.8555	60.939	60.627	47.307	45.215	14.925	Inf
210	68.659	72.255	94.784	28.096	26.552	50.264	32.184	20.109	Inf
211	85.446	77.203	0	37.755	59.878	41.364	56.47	40.726	Inf
212	67.957	86.623	42.799	68.301	86.435	57.421	80.055	40.056	Inf
213	79.153	66.033	84.158	48.387	25.552	38.81	31.409	5.0545	Inf
214	92.25	97.778	67.032	27.561	24.975	55.071	73	100	Inf
215	79.416	65.839	83.869	57.677	30.801	51.579	31.968	0	Inf
216	75.511	65.598	86.01	33.896	29.765	44.877	32.061	15.592	-2.4666e+07
217	75.38	64.602	83.45	36.419	34.578	56.194	34.368	12.713	-2.4383e+07
218	82.124	26.831	96.228	73.492	17.498	47.58	32.497	54.467	Inf
219	79.388	65.494	65.186	73.515	46.462	33.269	32.037	12.179	Inf
220	79	71	91	43	34	61	37	20	Inf
221	69	61	81	33	24	51	27	10	Inf
222	79	66	86	38	29	56	32	15	Inf
223	74	71	86	38	29	56	32	15	-2.4726e+07
224	74	66	91	38	29	56	32	15	-2.483e+07
225	74	66	86	43	29	56	32	15	-2.4833e+07
226	64.404	66	86	40.843	29	58.943	32	15	Inf
227	27.734	60.256	56.301	67.563	23.512	53.464	52.954	29.97	Inf
228	55.858	52.627	81.141	41.367	27.511	62.051	34.054	17.296	-1.265e+07
229	55.126	96.143	0.76713	69.338	75.478	36.488	92.443	70.177	Inf
230	72.309	66.351	85.967	44.885	28.162	54.062	33.534	16.66	Inf
231	77.733	63.693	86.006	58.402	5.4982	55.127	32.196	17.667	Inf
232	81.715	66.778	83.535	29.392	31.012	58.201	34.34	0	Inf
233	84.81	65.921	85.649	47.454	25.603	55.067	32.146	17.956	Inf
234	73.908	63.308	85.95	40.592	28.282	56.523	27.283	14.413	Inf
235	45.658	55.453	22.373	73.406	69.621	47.265	57.734	14.904	Inf
236	64.147	55.605	86.542	41.415	22.852	44.732	37.673	24.774	Inf
237	78.164	82.199	2.6614	39.795	53.708	44.352	77.646	27.6	Inf
238	65.211	90.956	38.815	67.565	90.621	58.45	95.171	67.602	Inf
239	70.71	65.65	84.184	44.906	29.004	49.066	32.139	13.179	Inf
240	88.644	99.356	63.958	37.566	24.144	60.152	73.541	100	Inf
241	79.535	65.867	84.379	64.53	29.438	54.585	28.386	0.15649	Inf
242	70.168	48.443	87.331	48.085	28.524	37.605	31.654	18.118	Inf
243	73.882	73.253	87.196	36.607	23.177	56.467	32.647	11.355	Inf
244	82.041	33.66	100	82.128	11.349	50.072	32.446	60.324	Inf
245	78.033	65.571	62.417	57.034	43.945	40.261	31.723	12.604	Inf
246	79	71	91	48	34	61	37	20	Inf
247	69	61	81	38	24	51	27	10	Inf
248	79	66	86	43	29	56	32	15	Inf
249	74	71	86	43	29	56	32	15	-2.4726e+07
250	74	66	91	43	29	56	32	15	-2.4815e+07
251	74	66	86	48	29	56	32	15	-2.4818e+07
252	74	66	86	43	34	56	32	15	-2.4146e+07
253	74	66	86	43	29	61	32	15	Inf
254	74	66	86	43	29	56	37	15	-2.4832e+07
255	74	66	86	43	29	56	32	20	Inf
256	69	66	86	43	29	56	32	15	Inf
257	74	61	86	43	29	56	32	15	Inf
258	74	66	81	43	29	56	32	15	Inf
259	74	66	86	38	29	56	32	15	-2.4832e+07
260	74	66	86	43	24	56	32	15	Inf
261	74	66	86	43	29	51	32	15	-2.465e+07
262	74	66	86	43	29	56	27	15	Inf
263	74	66	86	43	29	56	32	10	-2.4638e+07
264	63.574	66	86	27.244	29	60.99	32	15	Inf
265	23.316	61.971	50.772	58.972	22.944	54.725	48.029	25.373	Inf
266	43.432	45.481	75.215	43.914	26.65	68.405	43.83	18.388	Inf
267	54.228	82.696	0	49.905	69.573	37.001	85.439	54.505	Inf
268	64.676	66.998	85.828	35.621	28.539	54.231	32.315	10.497	Inf
269	67.995	56.564	86.052	47.986	34.51	57.344	30.096	15.853	Inf
270	72.986	62.895	73.544	27.654	32.329	47.381	46.876	0	-1.2492e+07
271	76.898	66.339	84.449	29.416	26.172	62.57	32.488	22.245	Inf
272	70.21	61.327	85.757	32.353	40.384	56.813	35.937	14.289	-2.2436e+07
273	42.724	55.604	30.971	83.145	61.856	50.556	66.63	14.915	Inf
274	59.535	42.997	78.542	34.246	22.018	45.002	39.055	25.865	-1.3903e+07
275	69.716	87.441	48.452	37.446	51.06	44.067	99.002	13.901	Inf
276	63.476	85.84	47.095	63.064	69.034	57.493	79.031	93.689	Inf
277	66.067	65.385	84.915	39.53	31.419	61.579	32.916	19.58	Inf
278	79.578	99.287	69.673	39.631	23.35	64.646	63.986	67.55	Inf
279	76.844	65.922	83.732	46.057	28.564	57.427	31.569	7.3328	-2.5117e+07
280	68.278	35.624	87.958	52.925	27.643	36.27	31.517	18.445	Inf
281	72.563	74.511	88.778	38.834	19.57	56.599	31.878	11.77	Inf
282	78.671	46.493	100	82.666	7.0213	52.798	32.418	59.689	Inf
283	70.771	65.833	63.102	33.024	39.264	44.59	31.873	14.04	-2.2081e+07
284	66.683	65.974	85.379	21.83	28.812	59.777	31.839	14.399	Inf
285	44.255	65.473	54.801	42.402	26.399	55.559	37.05	13.259	Inf
286	47.909	48.399	74.112	46.414	26.42	68.167	44.842	17.681	Inf
287	51.627	68.935	0	31.9	65.092	34.316	65.488	42.67	Inf
288	59.137	65.994	84.573	22.95	28.803	50.798	31.822	5.9913	Inf
289	60.692	51.394	85.179	33.279	64.4	58.926	29.375	21.992	Inf
290	66.47	60.741	67.034	27.218	30.085	47.329	59.843	1.0385	Inf
291	68.445	66.85	83.294	18.103	31.343	64.424	32.532	18.775	Inf
292	67.714	60.823	85.351	25.007	46.714	57.08	42.845	13.299	-2.0872e+07
293	42.884	57.277	50.33	80.098	48.929	54.102	62.908	14.637	Inf
294	59.22	37.987	72.396	28.141	24.381	49.348	35.114	22.328	-1.3844e+07
295	65.718	86.424	95.223	35.264	48.999	46.58	100	33.841	Inf
296	66.801	74.126	62.118	54.506	32.522	56.392	57.66	97.618	Inf
297	69.503	65.825	85.488	28.456	32.88	72.672	33.188	17.865	Inf
298	72.675	83.733	73.928	34.466	14.882	65.022	37.881	35.077	Inf
299	74.429	65.972	83.15	29.478	27.78	59.979	34.426	13.773	Inf
300	71.323	45.617	86.867	51.618	27.703	38.273	31.501	17.918	Inf
301	73.122	72.426	85.647	43.742	19.184	56.636	32.326	11.177	Inf
302	75.013	54.439	93.342	76.05	6.3524	55.551	32.093	54.611	Inf
303	64.916	66.107	65.902	16.927	30.466	51.835	31.934	12.345	Inf
304	81.844	70.922	88.732	51.057	33.564	62.427	36.569	12.333	Inf
305	71.844	60.922	78.732	41.057	23.564	52.427	26.569	2.3328	Inf
306	81.844	65.922	83.732	46.057	28.564	57.427	31.569	7.3328	Inf
307	76.844	70.922	83.732	46.057	28.564	57.427	31.569	7.3328	-2.5018e+07
308	76.844	65.922	88.732	46.057	28.564	57.427	31.569	7.3328	-2.5112e+07
309	76.844	65.922	83.732	51.057	28.564	57.427	31.569	7.3328	-2.5118e+07
310	74.638	65.947	84.196	29.506	28.648	58.196	31.629	11.852	-2.5008e+07
311	76.79	68.364	70.648	28.187	30.105	54.746	24.158	1.6064	Inf
312	58.586	57.232	76.998	50.328	27.391	60.194	40.381	14.558	-1.3773e+07
313	58.658	66.149	13.389	22.359	60.141	34.526	45.986	28.853	Inf
314	62.539	64.698	83.426	14.989	28.781	50.174	32.001	2.7802	Inf
315	59.529	52.017	83.986	21.095	86.473	59.904	29.454	32.112	Inf
316	65.457	61.687	68.506	21.862	26.275	52.644	70.851	4.4459	Inf
317	62.428	67.567	83.651	20.711	36.013	61.905	32.611	10.778	Inf
318	66.192	61.371	84.511	21.183	44.703	57.253	45.152	12.173	-2.0559e+07
319	51.615	58.986	69.483	71.841	39.029	56.69	49.333	12.399	-8.6748e+06
320	60.25	45.808	72.923	21.211	28.298	54.918	30.148	18.368	-1.4094e+07
321	69.83	78.978	96.816	32.87	47.9	46.976	92.23	79.594	Inf
322	70.697	63.719	81.552	47.757	21.361	55.674	41.868	58.78	Inf
323	77.983	66.699	86.323	24	30.378	73.872	33.169	7.0799	Inf
324	74.76	67.821	78.906	24.512	7.5711	63.849	20.857	10.533	Inf
325	73.236	65.993	82.897	16.711	27.372	60.481	36.119	16.15	Inf
326	74.564	67.582	84.537	47.613	28.911	47.252	31.578	12.925	-2.457e+07
327	75.095	66.157	82.441	51.498	22.712	56.756	32.838	10.193	Inf
328	73.392	56.405	84.276	70.926	12.489	57.233	31.817	53.475	Inf
329	62.552	66.144	68.542	13.53	24.116	57.941	31.922	8.9141	Inf
330	81.844	70.922	88.732	56.057	33.564	62.427	36.569	12.333	Inf
331	71.844	60.922	78.732	46.057	23.564	52.427	26.569	2.3328	Inf
332	81.844	65.922	83.732	51.057	28.564	57.427	31.569	7.3328	Inf
333	76.844	70.922	83.732	51.057	28.564	57.427	31.569	7.3328	-2.5018e+07
334	76.844	65.922	88.732	51.057	28.564	57.427	31.569	7.3328	-2.4819e+07
335	76.844	65.922	83.732	56.057	28.564	57.427	31.569	7.3328	-2.4824e+07
336	76.844	65.922	83.732	51.057	33.564	57.427	31.569	7.3328	Inf
337	76.844	65.922	83.732	51.057	28.564	62.427	31.569	7.3328	-2.5271e+07
338	82.747	65.918	82.941	39.896	28.485	58.459	31.438	7.4163	Inf
339	100	69.341	84.724	19.476	31.847	53.311	18.592	1.9479	Inf
340	74.066	65.712	79.861	54.08	28.278	54.142	34.002	10.405	-2.4726e+07
341	67.448	76.834	50.982	41.503	57.269	40.273	37.688	20.925	Inf
342	70.796	63.652	83.428	14.133	28.643	49.966	32.921	5.2973	-2.3007e+07
343	68.204	59.633	83.044	15.794	90.733	60.107	30.368	41.598	Inf
344	70.948	65.228	75.576	20.902	23.382	59.088	76.248	6.8937	Inf
345	61.561	67.604	85.088	37.441	38.817	57.01	32.545	3.6529	Inf
346	66.449	63.947	83.863	29.502	34.045	57.423	41.12	10.5	Inf
347	64.89	63.009	93.19	55.186	29.444	59.356	29.22	8.7377	Inf
348	66.109	55.523	76.76	27.002	31.825	62.653	26.154	12.197	Inf
349	81.137	71.915	69.943	31.233	44.476	44.74	66.149	91.146	Inf
350	73.474	63.044	88.247	44.114	22.15	57.75	48.313	8.7802	Inf
351	85.431	67.487	85.921	24.538	27.492	70.109	32.907	0	Inf
352	79.477	54.669	79.857	21.301	7.2417	62.585	26.275	7.0651	Inf
353	73.159	65.956	83.089	16.954	27.743	62.5	35.898	12.321	Inf
354	78.027	86.947	82.511	43.178	30.143	56.607	31.662	7.1146	Inf
355	77.745	60.355	79.993	55.71	31.229	59.162	33.062	9.0253	-2.5016e+07
356	72.687	60.664	81.845	63.262	19.119	57.854	31.68	33.115	Inf
357	61.212	66.057	75.665	22.794	24.032	64.137	31.795	5.4357	Inf
358	81.844	70.922	88.732	56.057	33.564	67.427	36.569	12.333	Inf
359	71.844	60.922	78.732	46.057	23.564	57.427	26.569	2.3328	Inf
360	81.844	65.922	83.732	51.057	28.564	62.427	31.569	7.3328	Inf
361	76.844	70.922	83.732	51.057	28.564	62.427	31.569	7.3328	-2.518e+07
362	76.844	65.922	88.732	51.057	28.564	62.427	31.569	7.3328	-2.4972e+07
363	76.844	65.922	83.732	56.057	28.564	62.427	31.569	7.3328	-2.4978e+07
364	76.844	65.922	83.732	51.057	33.564	62.427	31.569	7.3328	Inf
365	76.844	65.922	83.732	51.057	28.564	67.427	31.569	7.3328	-2.5407e+07
366	88.221	65.904	82.49	48.217	28.39	63.069	31.368	4.374	Inf
367	100	67.238	96.647	19.983	29.442	52.943	18.735	9.5913	Inf
368	88.932	73.383	82.765	57.351	29.132	51.791	28.036	5.3455	Inf
369	71.15	86.466	67.309	65.308	53.935	52.277	56.985	34.752	Inf
370	81.401	63.225	83.635	22.131	28.429	55.413	33.67	14.52	Inf
371	82.438	67.375	83.041	26.704	71.622	60.59	32.799	41.729	Inf
372	77.281	69.148	82.989	30.113	22.251	65.374	68.589	8.812	Inf
373	68.451	67.479	86.563	53.09	38.426	57.425	32.295	0	-9.6093e+06
374	69.929	66.293	84.03	39.11	25.034	59.311	33.902	9.4272	Inf
375	73.89	66.257	100	47.067	24.279	64.422	21.517	6.452	Inf
376	73.768	63.648	81.954	34.018	33.327	66.695	25.268	7.4216	Inf
377	90.148	63.797	23.716	35.568	45.084	49.745	29.793	87.32	Inf
378	73.69	69.724	78.631	47.357	52.778	63.836	49.07	0	Inf
379	90.367	67.496	84.985	33.137	24.43	63.917	32.682	0	Inf
380	84.932	60.428	75.521	27.49	6.7695	63.079	45.395	27.344	Inf
381	75.338	65.91	83.734	29.064	28.721	64.824	34.523	6.7538	Inf
382	80.67	95.269	82.001	38.742	30.927	63.743	31.841	5.3222	Inf
383	79.955	55.919	78.295	58.959	38.864	65.01	32.925	7.4884	Inf
384	73.513	41.884	88.276	66.31	21.429	55.308	31.67	13.326	Inf
385	67.146	65.932	83.006	34.227	27.534	67.956	31.578	5.9504	Inf
386	86.844	75.922	93.732	61.057	38.564	77.427	41.569	17.333	Inf
387	66.844	55.922	73.732	41.057	18.564	57.427	21.569	0	Inf
388	86.844	65.922	83.732	51.057	28.564	67.427	31.569	7.3328	Inf
389	76.844	75.922	83.732	51.057	28.564	67.427	31.569	7.3328	Inf
390	76.844	65.922	93.732	51.057	28.564	67.427	31.569	7.3328	-2.5101e+07
391	76.844	65.922	83.732	61.057	28.564	67.427	31.569	7.3328	-2.5113e+07
392	76.844	65.922	83.732	51.057	38.564	67.427	31.569	7.3328	Inf
393	76.844	65.922	83.732	51.057	28.564	77.427	31.569	7.3328	Inf
394	76.844	65.922	83.732	51.057	28.564	67.427	41.569	7.3328	-2.5406e+07
395	76.844	65.922	83.732	51.057	28.564	67.427	31.569	17.333	Inf
396	66.844	65.922	83.732	51.057	28.564	67.427	31.569	7.3328	Inf
397	76.844	55.922	83.732	51.057	28.564	67.427	31.569	7.3328	Inf
398	76.844	65.922	73.732	51.057	28.564	67.427	31.569	7.3328	Inf
399	76.844	65.922	83.732	41.057	28.564	67.427	31.569	7.3328	-2.5408e+07
400	100	64.592	93.937	27.764	26.366	53.943	24.766	23.266	Inf
401	95.376	77.1	85.706	53.236	29.65	56.057	26.467	3.5097	Inf
402	66.391	93.366	70.069	79.384	56.8	53.38	65.075	59.945	Inf
403	88.189	64.221	84.021	31.285	28.253	61.045	34.056	20.443	Inf
404	90.286	70.572	83.32	40.282	44.297	59.769	35.524	37.658	Inf
405	82.738	70.921	89.545	34.847	23.038	69.764	50.046	5.8558	Inf
406	76.347	67.164	87.454	51.991	37.993	60.809	31.809	0.22775	Inf
407	73.138	66.01	84.503	44.91	23.655	63.735	27.691	9.7112	Inf
408	80.522	66.697	96.155	47.801	21.404	68.533	19.961	5.2727	Inf
409	76.576	66.923	87.06	41.34	32.63	69.461	24.67	5.6549	Inf
410	93.763	70.022	8.2903	38.879	48.156	54.71	8.921	59.678	Inf
411	74.152	75.072	59.81	49.615	74.503	68.694	47.834	1.6172	Inf
412	88.824	67.316	84.457	42.932	23.676	55.159	32.372	0	Inf
413	89.466	73.492	69.328	34.324	14.447	64.675	62.099	69.242	Inf
414	78.313	65.875	84.31	44.198	29.511	68.782	31.959	2.1415	-2.3462e+07
415	80.199	89.619	83.885	34.995	30.669	63.469	31.968	7.4999	Inf
416	80.509	54.29	78.78	59.988	38.438	68.078	32.376	6.7202	Inf
417	77.186	19.11	93.808	71.147	16.15	53.851	31.743	0	Inf
418	75.401	65.814	83.957	46.372	33.628	65.188	31.505	9.3677	-2.4601e+07
419	86.844	75.922	93.732	51.057	38.564	77.427	41.569	17.333	Inf
420	66.844	55.922	73.732	31.057	18.564	57.427	21.569	0	Inf
421	86.844	65.922	83.732	41.057	28.564	67.427	31.569	7.3328	Inf
422	76.844	75.922	83.732	41.057	28.564	67.427	31.569	7.3328	Inf
423	76.844	65.922	93.732	41.057	28.564	67.427	31.569	7.3328	-2.5395e+07
424	76.844	65.922	83.732	51.057	28.564	67.427	31.569	7.3328	-2.5407e+07
425	76.844	65.922	83.732	41.057	38.564	67.427	31.569	7.3328	Inf
426	76.844	65.922	83.732	41.057	28.564	77.427	31.569	7.3328	Inf
427	76.844	65.922	83.732	41.057	28.564	67.427	41.569	7.3328	-2.5407e+07
428	76.844	65.922	83.732	41.057	28.564	67.427	31.569	17.333	Inf
429	66.844	65.922	83.732	41.057	28.564	67.427	31.569	7.3328	Inf
430	76.844	55.922	83.732	41.057	28.564	67.427	31.569	7.3328	Inf
431	76.844	65.922	73.732	41.057	28.564	67.427	31.569	7.3328	Inf
432	76.844	65.922	83.732	31.057	28.564	67.427	31.569	7.3328	-2.5407e+07
433	76.844	65.922	83.732	41.057	18.564	67.427	31.569	7.3328	Inf
434	76.844	65.922	83.732	41.057	28.564	57.427	31.569	7.3328	-2.5116e+07
435	76.844	65.922	83.732	41.057	28.564	67.427	21.569	7.3328	Inf
436	76.844	65.922	83.732	41.057	28.564	67.427	31.569	0	-1.5188e+07
437	97.44	62.05	88.072	35.745	24.736	59.399	37.214	29.287	Inf
438	90.764	74.599	85.262	46.022	29.403	62.171	26.549	4.5017	Inf
439	58.7	92.757	69.486	70.288	63.143	55.608	63.125	81.86	Inf
440	87.576	65.35	84.531	37.469	28.221	62.838	34.159	25.317	Inf
441	91.8	71.941	84.882	50.378	14.478	58.436	36.63	23.317	Inf
442	84.474	70.327	92.613	37.078	25.959	69.494	30.911	3.3716	Inf
443	82.86	67.044	86.765	42.556	37.344	62.999	31.679	8.624	Inf
444	75.885	65.083	85.333	43.82	25.674	66.292	22.944	10.638	Inf
445	73.835	63.16	83.535	48.426	26.247	70.988	26.986	8.2079	Inf
446	78.687	65.574	88.353	45.591	31.089	64.502	28.725	9.2687	Inf
447	89.553	77.599	5.6019	37.727	45.501	53.918	41.239	41.531	Inf
448	70.346	77.4	50.695	54.643	81.342	69.165	54.345	30.588	Inf
449	80.698	66.379	84.34	42.619	24.255	51.953	32.179	0	-1.6464e+07
450	91.114	92.799	64.579	35.387	22.15	66.241	71.916	100	Inf
451	79.817	65.876	84.44	55.901	30.003	71.621	29.455	0	Inf
452	77.765	68.455	86.288	32.102	29.189	57.373	31.939	11.456	-2.5525e+07
453	79.531	54.735	81.372	55.8	35.674	67.335	31.607	6.9673	Inf
454	80.723	12.137	97.221	75	11.703	52.754	31.824	2.2109	Inf
455	83.226	65.728	84.765	56.119	38.019	62.953	31.457	12.39	Inf
456	81.002	59.82	71.408	36.272	24.108	59.242	45.862	29.537	Inf
457	78.386	67.842	82.619	32.755	29.095	64.265	31.317	8.1799	Inf
458	53.797	89.597	69.743	53.076	62.918	47.667	64.275	66.079	Inf
459	78.251	67.353	85.857	24.611	28.522	56.195	34.273	29.384	-2.582e+07
460	89.077	68.963	86.925	54.351	0	55.841	35.252	13.94	Inf
461	82.211	68.035	89.228	34.11	29.192	67.316	20.912	1.0018	Inf
462	84.236	67.721	86.237	24.449	35.625	62.296	31.88	17.471	Inf
463	76.341	64.581	86.557	39.802	28.905	61.882	23.661	12.08	Inf
464	65.043	62.119	69.632	46.397	35.142	65.723	46.183	12.436	Inf
465	76.1	62.989	87.007	47.206	27.956	54.289	33.815	12.787	-2.5411e+07
466	80.83	83.869	15.416	28.651	55.038	51.503	74.768	17.51	Inf
467	68.087	78.337	47.564	49.727	76.912	65.301	55.375	53.051	Inf
468	73.216	66.527	84.587	37.938	24.875	50.229	31.997	0	-1.3931e+07
469	90.963	100	62.906	29.422	27.078	61.313	72.462	100	Inf
470	80.786	66.186	85.015	57.762	30.235	71.869	28.27	6.3589	Inf
471	75.584	49.492	88.441	29.51	27.863	51.912	31.913	15.001	Inf
472	77.345	58.416	85.207	47.708	30.792	60.971	31.579	7.9447	-2.4887e+07
473	82.435	33.87	98.108	76.889	11.718	51.133	32.169	31.59	Inf
474	87.017	65.823	85.658	56.825	38.132	60.619	31.592	13.792	Inf
475	55.45	61.798	61.055	31.61	24.99	55.671	44.037	29.597	Inf
476	66.243	61.462	80.888	23.925	28.673	60.263	36.824	13.228	Inf
477	51.114	81.889	45.907	39.99	64.157	38.534	75.96	49.8	Inf
478	69.899	69.148	87.043	13.094	28.792	50.245	34.375	33.027	Inf
479	84.213	64.864	88.068	44.792	16.271	53.616	34.046	17.223	-2.8629e+07
480	78.778	65.46	83.328	20.45	29.86	62.993	19.148	7.8626	Inf
481	82.734	68.214	85.821	8.6052	33.478	58.429	33.524	30.63	Inf
482	75.393	64.918	87.425	33.841	33.24	55.661	27.228	14.7	Inf
483	60.634	61.98	62.228	43.227	42.669	53.548	63.247	19.7	Inf
484	74.141	62.83	85.53	40.214	25.339	45.899	38.437	18.295	-2.5121e+07
485	71.463	86.2	38.457	19.208	61.516	44.907	100	35.626	Inf
486	68.653	78.002	52.927	45.155	66.189	55.863	66.329	78.612	Inf
487	71.051	66.752	85.09	33.713	25.541	49.909	32.715	7.517	Inf
488	90.295	100	66.229	21.44	23.938	56.889	48.698	96.656	Inf
489	79.439	66.566	85.78	49.978	29.037	68.296	27.429	15.892	Inf
490	74.37	50.15	89.203	25.762	26.965	50.286	32.596	23.272	Inf
491	75.562	62.179	87.74	42.507	25.853	54.738	32.227	14.926	Inf
492	81.158	54.887	98.345	74.054	11.92	48.854	32.776	60.882	Inf
493	83.016	66.18	86.277	40.733	33.766	59.859	31.825	16.61	Inf
494	38.971	65.408	63.908	26.793	21.899	49.84	36.812	26.456	Inf
495	62.047	56.316	81.301	36.519	25.98	52.402	39.698	17.943	Inf
496	49.865	69.423	21.715	32.409	50.116	24.971	85.212	34.22	Inf
497	68.398	69.73	88.064	18.127	27.771	46.035	34.337	35.695	Inf
498	79.858	61.194	89.093	36.233	30.841	51.623	32.967	20.164	Inf
499	76.234	63.041	78.807	14.787	21.951	56.713	27.269	17.995	Inf
500	79.601	68.441	85.928	7.2194	24.069	52.453	34.932	32.72	Inf
501	64.069	62.174	67.389	52.609	46.46	44.175	65.965	23.766	Inf
502	66.938	83.664	80.997	24.813	62.755	36.445	100	67.11	Inf
503	70.424	75.955	67.644	45.519	36.516	47.442	78.512	99.644	Inf
504	87.582	95.691	74.835	16.054	14.241	52.849	22.116	53.95	Inf
505	79.714	66.037	94.552	72.512	11.815	47.142	33.782	66.516	Inf
506	100	84.864	100	64.792	36.271	73.616	54.046	37.223	Inf
507	64.213	44.864	68.068	24.792	0	33.616	14.046	0	Inf
508	100	64.864	88.068	44.792	16.271	53.616	34.046	17.223	Inf
509	84.213	84.864	88.068	44.792	16.271	53.616	34.046	17.223	Inf
510	84.213	64.864	100	44.792	16.271	53.616	34.046	17.223	-2.8612e+07
511	84.213	64.864	88.068	64.792	16.271	53.616	34.046	17.223	-2.8422e+07
512	84.213	64.864	88.068	44.792	36.271	53.616	34.046	17.223	Inf
513	84.213	64.864	88.068	44.792	16.271	73.616	34.046	17.223	Inf
514	84.213	64.864	88.068	44.792	16.271	53.616	54.046	17.223	-2.8628e+07
515	84.213	64.864	88.068	44.792	16.271	53.616	34.046	37.223	Inf
516	64.213	64.864	88.068	44.792	16.271	53.616	34.046	17.223	Inf
517	84.213	44.864	88.068	44.792	16.271	53.616	34.046	17.223	Inf
518	84.213	64.864	68.068	44.792	16.271	53.616	34.046	17.223	Inf
519	84.213	64.864	88.068	24.792	16.271	53.616	34.046	17.223	-2.8643e+07
520	37.156	68.114	71.963	19.393	18.735	45.08	28.682	23.244	Inf
521	63.528	56.085	83.892	50.85	21.094	46.235	40.038	21.058	Inf
522	56.658	60.136	20.919	33.706	39.921	21.607	80.462	35.341	Inf
523	72.637	69.299	88.516	26.908	25.013	48.718	34.226	34.099	Inf
524	77.791	58.777	89.609	18.316	39.559	51.171	32.482	22.018	Inf
525	75.65	62.813	75.427	10.729	13.023	50.822	46.307	19.453	Inf
526	74.572	67.167	87.294	18.352	14.727	47.762	35.229	26.888	Inf
527	67.346	63.454	73.872	54.197	36.353	38.336	64.578	25.073	-2.1115e+07
528	74.248	76.59	100	29.566	64.464	37.407	87.287	98.242	Inf
529	73.609	71.404	86.643	39.707	9.9543	43.126	90.322	89.175	Inf
530	84.813	80.092	84.571	11.502	1.5418	50.408	10.176	14.587	Inf
531	78.743	54.134	91.115	57.376	12.009	48.039	34.257	64.198	Inf
532	100	84.864	100	44.792	36.271	73.616	54.046	37.223	Inf
533	64.213	44.864	68.068	4.7923	0	33.616	14.046	0	Inf
534	100	64.864	88.068	24.792	16.271	53.616	34.046	17.223	Inf
535	84.213	84.864	88.068	24.792	16.271	53.616	34.046	17.223	Inf
536	84.213	64.864	100	24.792	16.271	53.616	34.046	17.223	-2.8627e+07
537	84.213	64.864	88.068	44.792	16.271	53.616	34.046	17.223	-2.8629e+07
538	84.213	64.864	88.068	24.792	36.271	53.616	34.046	17.223	Inf
539	84.213	64.864	88.068	24.792	16.271	73.616	34.046	17.223	Inf
540	84.213	64.864	88.068	24.792	16.271	53.616	54.046	17.223	-2.8642e+07
541	84.213	64.864	88.068	24.792	16.271	53.616	34.046	37.223	Inf
542	64.213	64.864	88.068	24.792	16.271	53.616	34.046	17.223	Inf
543	84.213	44.864	88.068	24.792	16.271	53.616	34.046	17.223	Inf
544	84.213	64.864	68.068	24.792	16.271	53.616	34.046	17.223	Inf
545	84.213	64.864	88.068	4.7923	16.271	53.616	34.046	17.223	-2.8642e+07
546	84.213	64.864	88.068	24.792	0	53.616	34.046	17.223	Inf
547	84.213	64.864	88.068	24.792	16.271	33.616	34.046	17.223	Inf
548	84.213	64.864	88.068	24.792	16.271	53.616	14.046	17.223	Inf
549	84.213	64.864	88.068	24.792	16.271	53.616	34.046	0	-1.8902e+07
550	48.67	67.98	85.59	14.834	16.951	45.356	23.631	19.647	Inf
551	74.483	61.227	85.333	54.762	17.003	45.319	38.317	18.166	Inf
552	57.843	63.64	24.619	40.481	33.69	29.914	64.861	49.509	Inf
553	81.908	67.024	87.701	33.886	18.956	53.873	34.092	23.158	Inf
554	79.232	60.292	89.442	6.4244	41.499	51.597	33.253	19.983	Inf
555	75.239	64.036	78.582	6.6629	9.4759	50.062	60.275	13.617	Inf
556	73.255	65.535	88.596	33.223	17.706	44.201	34.509	19.797	Inf
557	72.106	65.043	79.78	54.981	25.497	34.642	52.355	24.505	-2.4006e+07
558	85.049	74.031	80.669	30.819	58.636	39.464	70.143	100	Inf
559	72.754	67.593	84.018	34.432	22.515	46.243	94.52	45.564	Inf
560	83.059	74.399	90.955	12.652	0	50.966	23.88	0	Inf
561	78.768	32.455	88.935	47.374	11.332	49.778	34.161	45.348	Inf
562	94.213	74.864	98.068	34.792	26.271	63.616	44.046	27.223	Inf
563	74.213	54.864	78.068	14.792	6.2706	43.616	24.046	7.2233	Inf
564	94.213	64.864	88.068	24.792	16.271	53.616	34.046	17.223	Inf
565	84.213	74.864	88.068	24.792	16.271	53.616	34.046	17.223	-2.8521e+07
566	84.213	64.864	98.068	24.792	16.271	53.616	34.046	17.223	-2.8625e+07
567	84.213	64.864	88.068	34.792	16.271	53.616	34.046	17.223	-2.8628e+07
568	84.213	64.864	88.068	24.792	26.271	53.616	34.046	17.223	Inf
569	84.213	64.864	88.068	24.792	16.271	63.616	34.046	17.223	Inf
570	84.213	64.864	88.068	24.792	16.271	53.616	44.046	17.223	-2.8642e+07
571	84.213	64.864	88.068	24.792	16.271	53.616	34.046	27.223	Inf
572	74.213	64.864	88.068	24.792	16.271	53.616	34.046	17.223	Inf
573	84.213	54.864	88.068	24.792	16.271	53.616	34.046	17.223	Inf
574	84.213	64.864	78.068	24.792	16.271	53.616	34.046	17.223	Inf
575	84.213	64.864	88.068	14.792	16.271	53.616	34.046	17.223	-2.8642e+07
576	84.213	64.864	88.068	24.792	6.2706	53.616	34.046	17.223	Inf
577	84.213	64.864	88.068	24.792	16.271	43.616	34.046	17.223	Inf
578	84.213	64.864	88.068	24.792	16.271	53.616	24.046	17.223	Inf
579	84.213	64.864	88.068	24.792	16.271	53.616	34.046	7.2233	-2.808e+07
580	78.041	67.196	94.218	14.979	15.472	49.109	23.953	18.758	Inf
581	84.603	68.309	86.733	43.422	17.327	47.124	34.232	13.466	Inf
582	68.154	77.034	23.129	52.81	31.063	47.688	51.351	55.819	Inf
583	90.673	64.993	86.067	34.248	15.515	58.989	33.982	15.291	Inf
584	82.226	63.848	89.067	10.798	32.011	52.708	34.031	17.65	Inf
585	76.411	65.671	83.304	11.875	9.1858	51.47	65.013	3.4807	Inf
586	76.276	64.165	89.608	42.642	30.008	43.806	32.994	10.901	Inf
587	81.52	66.377	88.341	50.389	13.468	33.757	36.751	23.71	Inf
588	94.455	79.099	43.62	29.776	42.144	42.728	58.839	98.497	Inf
589	74.86	64.073	80.524	35.486	40.846	50.684	92.352	5.96	Inf
590	84.314	68.181	91.4	13.726	0	53.495	45.153	0	Inf
591	80.86	8.5832	88.094	30.174	10.565	50.868	33.35	27.305	Inf
592	89.213	69.864	93.068	29.792	21.271	58.616	39.046	22.223	Inf
593	79.213	59.864	83.068	19.792	11.271	48.616	29.046	12.223	Inf
594	89.213	64.864	88.068	24.792	16.271	53.616	34.046	17.223	Inf
595	84.213	69.864	88.068	24.792	16.271	53.616	34.046	17.223	-2.8588e+07
596	84.213	64.864	93.068	24.792	16.271	53.616	34.046	17.223	-2.8633e+07
597	84.213	64.864	88.068	29.792	16.271	53.616	34.046	17.223	-2.8628e+07
598	84.213	64.864	88.068	24.792	21.271	53.616	34.046	17.223	Inf
599	84.213	64.864	88.068	24.792	16.271	58.616	34.046	17.223	Inf
600	84.213	64.864	88.068	24.792	16.271	53.616	39.046	17.223	-2.8643e+07
601	84.213	64.864	88.068	24.792	16.271	53.616	34.046	22.223	Inf
602	79.213	64.864	88.068	24.792	16.271	53.616	34.046	17.223	Inf
603	84.213	59.864	88.068	24.792	16.271	53.616	34.046	17.223	Inf
604	84.213	64.864	83.068	24.792	16.271	53.616	34.046	17.223	Inf
605	84.213	64.864	88.068	19.792	16.271	53.616	34.046	17.223	-2.8643e+07
606	84.213	64.864	88.068	24.792	11.271	53.616	34.046	17.223	Inf
607	84.213	64.864	88.068	24.792	16.271	48.616	34.046	17.223	-2.8542e+07
608	84.213	64.864	88.068	24.792	16.271	53.616	29.046	17.223	Inf
609	84.213	64.864	88.068	24.792	16.271	53.616	34.046	12.223	-2.8485e+07
610	99.054	65.997	86.262	22.689	16.231	53.416	28.941	19.189	Inf
611	90.195	73.175	86.504	30.223	18.734	52.2	30.417	9.0806	Inf
612	80.436	87.348	42.013	52.941	41.464	62.961	43.731	65.699	Inf
613	90.916	63.267	84.634	30.962	17.508	61.813	33.941	8.6745	Inf
614	85.618	67.959	88.35	23.351	17.812	53.931	34.739	15.423	Inf
615	78.509	67.014	87.432	22.225	12.651	54.534	59.875	0	Inf
616	77.511	64.845	89.843	44.78	41.37	46.748	31.94	4.5498	Inf
617	87.894	67.225	94.89	40.709	4.7069	42.002	21.892	22.949	Inf
618	93.086	91.018	20.092	28.241	17.82	48.098	51.808	93.827	Inf
619	72.863	64.881	76.627	47.814	65.199	56.41	72.121	0	Inf
620	87.841	73.122	89.151	17.238	1.9161	57.387	61.925	19.131	Inf
621	81.852	13.433	91.704	32.512	8.3536	50.366	32.511	15.644	Inf
622	86.713	67.364	90.568	27.292	18.771	56.116	36.546	19.723	Inf
623	81.713	62.364	85.568	22.292	13.771	51.116	31.546	14.723	Inf
624	86.713	64.864	88.068	24.792	16.271	53.616	34.046	17.223	-2.9087e+07
625	100	64.713	78.168	30.093	17.209	56.347	36.372	18.996	Inf
626	92.818	72.5	85.803	16.152	21.813	58.202	29.681	6.0054	Inf
627	81.408	97.786	60.918	43.257	57.631	73.865	48.213	56.813	Inf
628	85.839	63.513	84.672	25.077	22.212	62.398	34.037	10.301	Inf
629	89.334	70.472	87.648	35.59	4.2905	54.908	35.135	14.805	Inf
630	82.1	67.647	90.901	31.662	18.549	58.026	47.561	0.28151	-2.0441e+07
631	77.513	66.763	89.163	31.427	44.069	53.57	31.951	7.6773	Inf
632	93.545	67.48	94.233	30.006	0	53.018	27.03	20.682	Inf
633	85.938	97.891	13.037	24.969	0	54.529	40.482	85.279	Inf
634	77.295	65.941	73.656	60.49	95.081	60.422	53.089	0	Inf
635	90.754	87.506	79.104	22.337	4.4159	60.568	73.666	69.131	Inf
636	83.16	38.849	94.457	48.882	7.4003	51.211	32.526	20.57	Inf
637	89.213	67.364	90.568	27.292	18.771	56.116	36.546	19.723	Inf
638	84.213	62.364	85.568	22.292	13.771	51.116	31.546	14.723	Inf
639	89.213	64.864	88.068	24.792	16.271	53.616	34.046	17.223	Inf
640	86.713	67.364	88.068	24.792	16.271	53.616	34.046	17.223	Inf
641	86.713	64.864	90.568	24.792	16.271	53.616	34.046	17.223	-2.9074e+07
642	86.713	64.864	88.068	27.292	16.271	53.616	34.046	17.223	-2.9087e+07
643	99.968	63.459	69.324	32.947	19.738	57.225	42.441	21.592	Inf
644	83.808	67.095	82.787	4.6079	27.236	62.799	30.587	6.5506	Inf
645	76.701	100	68.284	27.689	56.357	69.538	68.024	45.739	Inf
646	79.645	64.949	85.362	20.712	26.532	59.843	34.142	17.502	-2.6561e+07
647	92.071	71.561	87.367	42.396	0	54.993	35.175	14.989	Inf
648	86.793	67.132	93.394	38.741	23.504	60.094	34.425	7.54	Inf
649	76.245	68.355	88.021	16.867	41.918	59.942	33.263	17.162	Inf
650	87.952	66.45	89.226	26.209	11.77	61.009	41.826	19.649	Inf
651	77.633	95.372	31.909	22.871	0	52.006	46.742	76.511	Inf
652	75.884	70.815	69.373	62.886	100	58.687	39.636	17.971	Inf
653	92.926	100	69.34	23.784	6.8428	62.66	65.69	100	Inf
654	84.692	67.426	95.841	60.055	7.2456	49.903	33.055	38.269	Inf
655	89.213	67.364	90.568	29.792	18.771	56.116	36.546	19.723	Inf
656	84.213	62.364	85.568	24.792	13.771	51.116	31.546	14.723	Inf
657	89.213	64.864	88.068	27.292	16.271	53.616	34.046	17.223	Inf
658	86.713	67.364	88.068	27.292	16.271	53.616	34.046	17.223	Inf
659	86.713	64.864	90.568	27.292	16.271	53.616	34.046	17.223	-2.9074e+07
660	86.713	64.864	88.068	29.792	16.271	53.616	34.046	17.223	-2.9087e+07
661	92.123	63.044	65	34.99	21.747	54.814	42.793	23.395	Inf
662	75.7	61.766	81.764	20.66	27.647	63.76	33.12	9.5335	Inf
663	63.248	84.176	70.99	27.028	60.408	41.567	90.903	42.691	Inf
664	75.195	66.219	86.603	19.028	26.766	56.415	34.19	23.9	Inf
665	91.429	68.709	87.509	40.803	1.2521	54.281	35.075	15.396	Inf
666	90.964	66.401	93.33	41.903	25.262	61.178	24.731	18.155	Inf
667	75.762	68.02	87	11.252	38.867	63.631	34.572	25.161	Inf
668	74.762	64.88	83.666	35.332	23.713	54.559	58.508	20.46	Inf
669	75.026	88.282	71.11	21.862	10.524	49.78	65.614	55.136	Inf
670	74.563	76.954	63.906	59.75	100	53.887	40.882	51.168	Inf
671	93.725	100	69.004	26.455	12.071	60.039	46.426	100	Inf
672	85.255	75.659	96.463	72.9	10.686	48.376	33.418	48.973	Inf
673	91.713	69.864	93.068	34.792	21.271	58.616	39.046	22.223	Inf
674	81.713	59.864	83.068	24.792	11.271	48.616	29.046	12.223	Inf
675	91.713	64.864	88.068	29.792	16.271	53.616	34.046	17.223	Inf
676	86.713	69.864	88.068	29.792	16.271	53.616	34.046	17.223	Inf
677	86.713	64.864	93.068	29.792	16.271	53.616	34.046	17.223	-2.9077e+07
678	86.713	64.864	88.068	34.792	16.271	53.616	34.046	17.223	-2.9088e+07
679	81.105	63.22	60.406	32.118	24.496	51.058	37.293	24.217	Inf
680	70.42	59.68	83.55	46.048	27.474	57.256	35.955	15.854	Inf
681	59.856	66.328	57.412	30.828	45.335	14.67	97.679	44.602	Inf
682	74.949	66.759	87.809	18.547	23.852	53.535	34.197	28.723	Inf
683	88.614	62.761	87.878	36.101	11.292	53.548	34.118	16.635	Inf
684	92.289	65.431	89.895	43.048	22.31	59.056	24.125	26.66	Inf
685	76.486	66.448	86.414	21.015	27.347	63.45	35.283	25.614	Inf
686	66.114	63.544	78.699	47.006	33.014	38.652	70.411	20.497	Inf
687	75.897	71.719	97.395	24.717	44.169	47.498	78.57	48.83	Inf
688	72.76	79.455	62.612	49.74	72.352	49.603	47.12	69.801	Inf
689	91.274	100	75.441	24.403	15.333	57.652	26.277	75.633	Inf
690	84.84	60.9	94.651	78.205	14.119	47.908	33.629	54.662	Inf
691	96.713	74.864	98.068	44.792	26.271	63.616	44.046	27.223	Inf
692	76.713	54.864	78.068	24.792	6.2706	43.616	24.046	7.2233	Inf
693	96.713	64.864	88.068	34.792	16.271	53.616	34.046	17.223	Inf
694	86.713	74.864	88.068	34.792	16.271	53.616	34.046	17.223	Inf
695	86.713	64.864	98.068	34.792	16.271	53.616	34.046	17.223	-2.9066e+07
696	86.713	64.864	88.068	44.792	16.271	53.616	34.046	17.223	-2.9087e+07
697	86.713	64.864	88.068	34.792	26.271	53.616	34.046	17.223	Inf
698	86.713	64.864	88.068	34.792	16.271	63.616	34.046	17.223	Inf
699	86.713	64.864	88.068	34.792	16.271	53.616	44.046	17.223	-2.9087e+07
700	86.713	64.864	88.068	34.792	16.271	53.616	34.046	27.223	-2.9171e+07
701	59.551	63.62	61.661	26.578	24.7	48.777	30.331	26.71	Inf
702	67.766	59.565	84.393	70.538	23.875	49.209	37.839	25.911	Inf
703	62.983	52.987	35.831	45.599	26.139	6.7094	73.561	44.073	Inf
704	82.696	66.574	88.09	21.32	19.48	54.089	34.152	27.514	Inf
705	85.516	58.437	88.271	31.716	23.949	52.953	33.254	25.632	Inf
706	88.488	64.664	86.736	39.945	16.579	55.103	29.899	22.314	Inf
707	78.437	64.881	86.452	37.699	17.257	57.753	35.014	24.006	Inf
708	64.923	63.092	76.782	56.663	35.536	27.734	71.696	24.605	Inf
709	82.889	65.685	100	30.992	79.738	45.155	86.588	58.069	Inf
710	74.479	81.185	52.422	46.199	27.707	48.744	68.303	72.836	Inf
711	87.962	90.287	81.314	20.226	17.234	55.06	16.73	35.184	Inf
712	84.035	24.962	93.405	84.399	14.859	50.191	33.824	57.657	Inf
713	96.713	74.864	98.068	44.792	26.271	63.616	44.046	37.223	Inf
714	76.713	54.864	78.068	24.792	6.2706	43.616	24.046	17.223	Inf
715	96.713	64.864	88.068	34.792	16.271	53.616	34.046	27.223	Inf
716	86.713	74.864	88.068	34.792	16.271	53.616	34.046	27.223	Inf
717	86.713	64.864	98.068	34.792	16.271	53.616	34.046	27.223	-2.9154e+07
718	86.713	64.864	88.068	44.792	16.271	53.616	34.046	27.223	-2.9172e+07
719	43.696	64.015	64.95	21.186	24.584	49.154	27.055	29.086	Inf
720	72.981	62.179	85.794	86.32	18.621	44.413	38.039	29.638	Inf
721	74.003	54.632	35.744	63.095	28.005	20.101	41.948	53.427	Inf
722	89.179	65.646	88.172	35.158	17.124	57.139	34.092	21.478	Inf
723	83.17	58.465	88.546	34.142	30.011	52.979	32.793	34.732	Inf
724	81.807	64.213	84.454	36.247	11.579	52.664	44.484	9.4794	Inf
725	78.637	64.321	87.599	51.212	17.371	50.798	33.696	18.974	Inf
726	69.635	63.929	79.375	58.901	28.445	28.514	50.184	29.073	Inf
727	88.518	75.023	90.88	40.038	87.239	43.972	93.435	78.216	Inf
728	74.478	77.403	56.533	50.845	19.195	51.567	75.555	64.214	Inf
729	85.166	82.202	81.866	27.555	16.318	54.02	27.989	24.699	Inf
730	82.249	0	94.255	86.092	11.971	51.957	33.45	46.063	Inf
731	96.713	74.864	98.068	54.792	26.271	63.616	44.046	37.223	Inf
732	76.713	54.864	78.068	34.792	6.2706	43.616	24.046	17.223	Inf
733	96.713	64.864	88.068	44.792	16.271	53.616	34.046	27.223	Inf
734	86.713	74.864	88.068	44.792	16.271	53.616	34.046	27.223	Inf
735	86.713	64.864	98.068	44.792	16.271	53.616	34.046	27.223	-2.9155e+07
736	86.713	64.864	88.068	54.792	16.271	53.616	34.046	27.223	-2.8941e+07
737	86.713	64.864	88.068	44.792	26.271	53.616	34.046	27.223	Inf
738	86.713	64.864	88.068	44.792	16.271	63.616	34.046	27.223	Inf
739	86.713	64.864	88.068	44.792	16.271	53.616	44.046	27.223	-2.9171e+07
740	86.713	64.864	88.068	44.792	16.271	53.616	34.046	37.223	Inf
741	76.713	64.864	88.068	44.792	16.271	53.616	34.046	27.223	Inf
742	86.713	54.864	88.068	44.792	16.271	53.616	34.046	27.223	Inf
743	86.713	64.864	78.068	44.792	16.271	53.616	34.046	27.223	Inf
744	86.713	64.864	88.068	34.792	16.271	53.616	34.046	27.223	-2.9171e+07
745	86.713	64.864	88.068	44.792	6.2706	53.616	34.046	27.223	Inf
746	86.713	64.864	88.068	44.792	16.271	43.616	34.046	27.223	Inf
747	86.713	64.864	88.068	44.792	16.271	53.616	24.046	27.223	Inf
748	86.713	64.864	88.068	44.792	16.271	53.616	34.046	17.223	-2.9087e+07
749	51.212	64.416	72.994	17.236	23.263	51.445	27.201	29.936	Inf
750	82.304	65.698	85.9	92.099	13.328	43.953	36.059	26.019	Inf
751	80.61	59.565	42.716	72.925	46.942	42.635	24.403	58.179	Inf
752	89.965	64.446	87.885	47.424	18.817	60.541	34.048	18.558	Inf
753	82.325	59.889	88.492	44.172	30.345	53.457	33.256	37.689	Inf
754	77.804	65.033	84.895	34.752	11.382	52.191	57.716	0	Inf
755	76.818	64.258	88.757	58.041	26.613	46.014	32.561	16.373	-2.5223e+07
756	80.91	65.268	82.459	54.978	16.338	38.785	29.89	31.767	Inf
757	91.781	82.684	73.054	41.621	75.255	42.307	91.845	85.296	Inf
758	75.892	71.173	60.693	57.084	25.121	57.082	68.622	51.408	Inf
759	83.981	77.341	80.169	33.44	15.038	54.628	47.389	27.096	Inf
760	81.527	7.6006	95.073	81.01	7.6332	52.933	32.876	36.727	Inf
761	91.713	69.864	93.068	49.792	21.271	58.616	39.046	32.223	Inf
762	81.713	59.864	83.068	39.792	11.271	48.616	29.046	22.223	Inf
763	91.713	64.864	88.068	44.792	16.271	53.616	34.046	27.223	Inf
764	86.713	69.864	88.068	44.792	16.271	53.616	34.046	27.223	Inf
765	86.713	64.864	93.068	44.792	16.271	53.616	34.046	27.223	-2.9163e+07
766	86.713	64.864	88.068	49.792	16.271	53.616	34.046	27.223	-2.9172e+07
767	58.635	64.74	78.166	30.711	19.667	53.988	27.643	29.689	Inf
768	89.005	68.716	85.662	93.937	15.783	49.165	33.301	16.793	Inf
769	84.245	81.403	31.617	77.12	59.409	64.17	42.229	58.806	Inf
770	87.873	63.476	87.244	55.647	22.868	63.069	34.025	16.766	Inf
771	83.822	63.79	88.216	57.493	23.455	53.957	33.975	34.603	Inf
772	75.011	66.247	87.262	38.263	15.379	52.291	62.075	0	Inf
773	79.614	64.504	89.766	63.602	29.786	42.087	32.057	19.091	Inf
774	92.961	66.206	87.53	50.644	6.5987	50.84	21.889	30.521	Inf
775	89.009	82.661	44.024	42.44	54.182	40.339	76.372	66.61	Inf
776	74.217	66.836	65.717	64.794	32.687	61.263	64.746	37.345	Inf
777	84.322	75.524	81.884	34.207	12.758	56.52	64.505	55.467	Inf
778	80.573	41.801	95.951	72.113	4.0544	52.514	32.336	27.65	Inf
779	91.713	69.864	93.068	54.792	21.271	58.616	39.046	32.223	Inf
780	81.713	59.864	83.068	44.792	11.271	48.616	29.046	22.223	Inf
781	91.713	64.864	88.068	49.792	16.271	53.616	34.046	27.223	Inf
782	86.713	69.864	88.068	49.792	16.271	53.616	34.046	27.223	Inf
783	86.713	64.864	93.068	49.792	16.271	53.616	34.046	27.223	-2.8947e+07
784	86.713	64.864	88.068	54.792	16.271	53.616	34.046	27.223	-2.8941e+07
785	86.713	64.864	88.068	49.792	21.271	53.616	34.046	27.223	Inf
786	86.713	64.864	88.068	49.792	16.271	58.616	34.046	27.223	Inf
787	86.713	64.864	88.068	49.792	16.271	53.616	39.046	27.223	-2.9172e+07
788	86.713	64.864	88.068	49.792	16.271	53.616	34.046	32.223	Inf
789	81.713	64.864	88.068	49.792	16.271	53.616	34.046	27.223	Inf
790	86.713	59.864	88.068	49.792	16.271	53.616	34.046	27.223	Inf
791	86.713	64.864	83.068	49.792	16.271	53.616	34.046	27.223	Inf
792	86.713	64.864	88.068	44.792	16.271	53.616	34.046	27.223	-2.9172e+07
793	86.713	64.864	88.068	49.792	11.271	53.616	34.046	27.223	Inf
794	86.713	64.864	88.068	49.792	16.271	48.616	34.046	27.223	Inf
795	86.713	64.864	88.068	49.792	16.271	53.616	29.046	27.223	Inf
796	86.713	64.864	88.068	49.792	16.271	53.616	34.046	22.223	-2.9149e+07
797	70.642	64.7	83.055	41.366	17.097	55.816	30.298	27.906	Inf
798	92.647	69.274	84.794	66.9	23.691	56.637	31.419	11.845	Inf
799	79.611	99.212	36.879	69.682	61.805	70.329	80.576	57.804	Inf
800	82.716	63.217	86.085	44.63	24.273	64.179	34.068	19.201	Inf
801	85.632	67.778	87.929	62.458	13.029	54.084	34.673	28.002	Inf
802	75.446	67.881	90.603	42.524	19.813	55.282	56.236	8.1945	Inf
803	82.502	64.662	89.974	61.087	31.361	41.248	31.753	24.123	Inf
804	97.174	66.196	88.7	47.631	5.9852	56.162	18.379	26.998	Inf
805	82.435	84.282	22.742	42.357	24.237	41.562	44.705	47.407	Inf
806	74.377	68.953	71.424	70.423	54.062	61.654	65.507	31.58	Inf
807	85.602	73.922	80.934	36.636	9.9755	59.919	64.713	70.193	Inf
808	80.209	74.631	94.013	56.339	1.4446	51.661	32.294	19.925	Inf
809	89.213	67.364	90.568	52.292	18.771	56.116	36.546	29.723	Inf
810	84.213	62.364	85.568	47.292	13.771	51.116	31.546	24.723	Inf
811	89.213	64.864	88.068	49.792	16.271	53.616	34.046	27.223	Inf
812	86.713	67.364	88.068	49.792	16.271	53.616	34.046	27.223	Inf
813	86.713	64.864	90.568	49.792	16.271	53.616	34.046	27.223	-2.916e+07
814	86.713	64.864	88.068	52.292	16.271	53.616	34.046	27.223	-2.8956e+07
815	86.713	64.864	88.068	49.792	18.771	53.616	34.046	27.223	Inf
816	86.713	64.864	88.068	49.792	16.271	56.116	34.046	27.223	Inf
817	86.713	64.864	88.068	49.792	16.271	53.616	36.546	27.223	-2.9172e+07
818	86.713	64.864	88.068	49.792	16.271	53.616	34.046	29.723	Inf
819	84.213	64.864	88.068	49.792	16.271	53.616	34.046	27.223	Inf
820	86.713	62.364	88.068	49.792	16.271	53.616	34.046	27.223	Inf
821	86.713	64.864	85.568	49.792	16.271	53.616	34.046	27.223	Inf
822	86.713	64.864	88.068	47.292	16.271	53.616	34.046	27.223	-2.9172e+07
823	86.713	64.864	88.068	49.792	13.771	53.616	34.046	27.223	Inf
824	86.713	64.864	88.068	49.792	16.271	51.116	34.046	27.223	-2.9111e+07
825	86.713	64.864	88.068	49.792	16.271	53.616	31.546	27.223	Inf
826	86.713	64.864	88.068	49.792	16.271	53.616	34.046	24.723	-2.9156e+07
827	81.265	64.355	83.95	49.832	16.809	56.116	33.163	25.918	Inf
828	92.396	66.353	82.519	39.96	31.14	61.251	32.193	14.086	Inf
829	65.08	100	40.435	60.652	46.875	68.686	100	55.033	Inf
830	77.752	63.472	85.864	25.96	23.141	59.936	34.112	24.729	Inf
831	88.159	69.025	87.793	60.971	4.5412	53.986	35.142	21.519	Inf
832	79.805	68.623	92.975	46.264	22.121	57.318	50.346	21.069	-2.7075e+07
833	83.011	64.783	89.201	55.865	29.936	46.691	32.635	28.34	Inf
834	97.085	65.604	85.967	48.286	12.448	59.288	27.638	22.822	Inf
835	75.513	86.106	2.6924	41.576	9.2825	44.586	35.602	54.072	Inf
836	71.404	71.828	67.671	69.692	70.178	58.975	76.958	35.437	Inf
837	88.193	78.979	76.914	35.705	9.3125	62.102	49.178	63.172	Inf
838	82.419	75.003	91.531	52.315	2.6851	49.154	33.105	32.645	Inf
839	87.963	66.114	89.318	51.042	17.521	54.866	35.296	28.473	Inf
840	85.463	63.614	86.818	48.542	15.021	52.366	32.796	25.973	Inf
841	87.963	64.864	88.068	49.792	16.271	53.616	34.046	27.223	Inf
842	86.713	66.114	88.068	49.792	16.271	53.616	34.046	27.223	-2.9148e+07
843	86.713	64.864	89.318	49.792	16.271	53.616	34.046	27.223	-2.9158e+07
844	86.713	64.864	88.068	51.042	16.271	53.616	34.046	27.223	-2.9172e+07
845	78.187	63.891	83.237	48.409	20.875	54.311	36.122	24.921	Inf
846	83.698	63	80.337	19.43	36.271	59.135	34.113	20.007	Inf
847	51.695	99.801	33.428	50.761	40.86	52.738	99.946	45.697	Inf
848	77.169	64.558	86.386	20.171	20.255	54.156	34.145	27.998	Inf
849	89.208	68.267	87.791	55.805	1.1094	53.708	34.765	20.207	Inf
850	84.137	69.121	93.743	50.358	21.275	57.794	40.431	34.756	Inf
851	81.605	64.785	88.098	50.1	25.567	51.63	34.114	29.993	Inf
852	89.709	64.772	82.05	51.295	22.459	54.202	39.762	21.248	Inf
853	71.791	83.638	28.562	37.729	22.116	49.311	55.077	52.69	Inf
854	68.417	74.768	62.048	67.48	81.757	55.013	77.461	49.319	Inf
855	90.811	82.583	75.335	37.1	10.463	62.287	34.884	71.841	Inf
856	84.26	61.948	90.328	64.405	8.8291	47.615	34.227	57.708	Inf
857	87.963	66.114	89.318	52.292	17.521	54.866	35.296	28.473	Inf
858	85.463	63.614	86.818	49.792	15.021	52.366	32.796	25.973	Inf
859	87.963	64.864	88.068	51.042	16.271	53.616	34.046	27.223	Inf
860	86.713	66.114	88.068	51.042	16.271	53.616	34.046	27.223	-2.9148e+07
861	86.713	64.864	89.318	51.042	16.271	53.616	34.046	27.223	-2.9158e+07
862	86.713	64.864	88.068	52.292	16.271	53.616	34.046	27.223	-2.8956e+07
863	86.713	64.864	88.068	51.042	17.521	53.616	34.046	27.223	Inf
864	86.713	64.864	88.068	51.042	16.271	54.866	34.046	27.223	Inf
865	86.713	64.864	88.068	51.042	16.271	53.616	35.296	27.223	-2.9172e+07
866	86.713	64.864	88.068	51.042	16.271	53.616	34.046	28.473	Inf
867	85.463	64.864	88.068	51.042	16.271	53.616	34.046	27.223	Inf
868	86.713	63.614	88.068	51.042	16.271	53.616	34.046	27.223	Inf
869	86.713	64.864	86.818	51.042	16.271	53.616	34.046	27.223	Inf
870	86.713	64.864	88.068	49.792	16.271	53.616	34.046	27.223	-2.9172e+07
871	86.713	64.864	88.068	51.042	15.021	53.616	34.046	27.223	Inf
872	86.713	64.864	88.068	51.042	16.271	52.366	34.046	27.223	-2.9135e+07
873	86.713	64.864	88.068	51.042	16.271	53.616	32.796	27.223	-2.9172e+07
874	86.713	64.864	88.068	51.042	16.271	53.616	34.046	25.973	-2.9165e+07
875	69.52	63.439	82.637	45.747	25.148	52.495	36.532	25.035	Inf
876	72.503	61.763	82.121	22.904	36.245	53.286	35.783	24.789	-2.3453e+07
877	41.302	94.742	24.201	44.119	51.482	26.943	76.903	45.27	Inf
878	77.819	65.74	87.496	22.886	18.603	50.92	34.16	29.247	Inf
879	88.618	65.88	87.953	46.948	8.906	53.402	34.115	22.911	Inf
880	88.073	69.458	91.832	52.199	20.568	56.052	31.417	40.066	Inf
881	80.392	64.653	87.222	47.001	20.844	55.346	35.216	25.906	Inf
882	79.006	64.162	78.827	54.28	31.597	39.999	49.589	21.382	Inf
883	69.918	83.544	50.28	35.281	45.848	54.868	88.939	58.27	Inf
884	72.347	77.519	65.374	64.363	89.754	51.311	60.906	62.282	Inf
885	92.896	85.998	73.545	30.218	11.07	61.243	23.672	76.351	Inf
886	84.111	51.31	91.102	77.619	14.973	48.391	34.644	74.972	Inf
887	87.338	65.489	88.693	51.667	16.896	54.241	34.671	27.848	Inf
888	86.088	64.239	87.443	50.417	15.646	52.991	33.421	26.598	Inf
889	87.338	64.864	88.068	51.042	16.271	53.616	34.046	27.223	Inf
890	86.713	65.489	88.068	51.042	16.271	53.616	34.046	27.223	-2.9152e+07
891	86.713	64.864	88.693	51.042	16.271	53.616	34.046	27.223	-2.9158e+07
892	86.713	64.864	88.068	51.667	16.271	53.616	34.046	27.223	-2.9172e+07
893	86.713	64.864	88.068	51.042	16.896	53.616	34.046	27.223	-2.9075e+07
894	86.713	64.864	88.068	51.042	16.271	54.241	34.046	27.223	Inf
895	86.713	64.864	88.068	51.042	16.271	53.616	34.671	27.223	-2.9172e+07
896	86.713	64.864	88.068	51.042	16.271	53.616	34.046	27.848	Inf
897	86.088	64.864	88.068	51.042	16.271	53.616	34.046	27.223	Inf
898	86.713	64.239	88.068	51.042	16.271	53.616	34.046	27.223	Inf
899	86.713	64.864	87.443	51.042	16.271	53.616	34.046	27.223	Inf
900	86.713	64.864	88.068	50.417	16.271	53.616	34.046	27.223	-2.9172e+07
901	86.713	64.864	88.068	51.042	15.646	53.616	34.046	27.223	Inf
902	86.713	64.864	88.068	51.042	16.271	52.991	34.046	27.223	-2.9146e+07
903	86.713	64.864	88.068	51.042	16.271	53.616	33.421	27.223	-2.9172e+07
904	86.713	64.864	88.068	51.042	16.271	53.616	34.046	26.598	-2.9169e+07
905	62.195	63.596	76.937	35.42	26.376	50.131	34.865	26.33	Inf
906	63.422	61.306	83.559	43.674	28.014	48.552	36.464	24.685	Inf
907	40.157	80.856	12.268	40.606	58.688	15.557	45.003	44.363	Inf
908	80.945	66.461	87.872	36.91	18.204	52.555	34.12	26.769	Inf
909	86.989	63.302	88.166	40.249	19.848	53.237	33.508	26.748	Inf
910	91.023	69.404	89.473	51.455	19.172	53.944	28.851	35.708	Inf
911	79.725	64.38	86.922	45.715	16.318	55.505	34.958	20.666	Inf
912	69.44	63.972	77.506	56.876	35.389	32.656	57.585	22.72	Inf
913	76.184	77.843	68.406	33.243	66.413	56.689	96.962	71.333	Inf
914	73.03	75.991	71.636	57.492	88.443	49.008	60.525	69.405	Inf
915	91.68	85.485	74	21.404	12.207	57.524	15.923	70.892	Inf
916	82.081	36.218	93.44	79.926	17.178	49.955	34.433	87.962	Inf
917	87.026	65.177	88.381	51.355	16.583	53.928	34.359	27.536	Inf
918	86.401	64.552	87.756	50.73	15.958	53.303	33.734	26.911	Inf
919	87.026	64.864	88.068	51.042	16.271	53.616	34.046	27.223	-2.9216e+07
920	58.876	63.985	73.246	25.016	26.586	48.33	32.913	27.995	Inf
921	69.553	63.471	83.532	65.725	19.072	45.885	36.011	19.727	Inf
922	53.007	71.937	11.201	46.325	67.943	12.999	31.541	45.442	Inf
923	84.245	66.478	87.604	53.898	19.98	56.168	34.068	20.758	Inf
924	85.569	61.758	88.277	42.851	28.116	53.229	33.293	30.463	Inf
925	92.119	67.85	87.818	49.69	18.205	52.01	28.179	22.528	Inf
926	82.006	64.227	87.219	49.496	13.753	50.666	33.176	14.605	Inf
927	61.985	64.582	77.853	57.173	29.787	37.016	51.734	25.26	Inf
928	87.231	70.358	64.368	28.641	73.346	52.576	99.223	84.654	Inf
929	76.938	76.599	80.822	50.447	65.891	47.54	70.421	70.394	Inf
930	90.212	86.289	75.605	19.383	14.623	55.114	33.812	66.39	Inf
931	81.161	35.894	96.121	69.277	16.762	52.538	33.824	70.282	Inf
932	87.338	65.177	88.381	51.355	16.583	53.928	34.359	27.536	Inf
933	86.713	64.552	87.756	50.73	15.958	53.303	33.734	26.911	Inf
934	87.338	64.864	88.068	51.042	16.271	53.616	34.046	27.223	Inf
935	87.026	65.177	88.068	51.042	16.271	53.616	34.046	27.223	-2.9221e+07
936	61.34	64.834	70.294	26.208	24.015	49.11	31.277	28.918	Inf
937	81.784	66.311	83.896	76.279	12.502	45.913	34.926	17.181	Inf
938	75.487	72.594	11.816	52.514	66.385	12.391	43.972	55.901	Inf
939	87.513	65.801	86.839	58.382	22.725	60.208	34.035	17.036	Inf
940	85.169	62.509	88.216	49.962	28.879	53.469	33.639	32.192	Inf
941	87.745	66.274	87.734	47.881	17.228	51.009	33.759	11.898	Inf
942	84.324	64.401	88.044	56.435	16.551	45.519	31.64	13.692	-2.8162e+07
943	64.188	65.324	82.085	54.549	18.061	40.122	44.859	28.23	Inf
944	94	70.401	46.466	32.973	51.222	44.087	80.885	84.808	Inf
945	78.226	74.107	85.583	44.948	40.141	49.243	76.512	62.817	Inf
946	88.878	84.906	79.837	21.728	15.329	54.1	61.294	71.998	Inf
947	81.253	36.243	97.505	59.457	13.996	53.954	33.234	41.975	Inf
948	87.338	65.489	88.381	51.355	16.583	53.928	34.359	27.536	Inf
949	86.713	64.864	87.756	50.73	15.958	53.303	33.734	26.911	Inf
950	87.338	65.177	88.068	51.042	16.271	53.616	34.046	27.223	Inf
951	87.026	65.489	88.068	51.042	16.271	53.616	34.046	27.223	-2.9211e+07
952	87.026	65.177	88.381	51.042	16.271	53.616	34.046	27.223	-2.9221e+07
953	63.523	65.389	70.323	32.107	19.477	52.279	31.267	28.778	Inf
954	93.627	68.538	84.112	76.283	15.347	51.431	33.579	17.056	Inf
955	87.502	74.963	14.121	60.172	62.078	24.705	54.684	69.153	Inf
956	89.421	64.887	86.42	54.187	23.968	60.641	34.045	16.789	Inf
957	86.391	64.106	88.262	56.796	21.748	53.761	34.063	31.389	Inf
958	80.138	65.246	89.478	47.035	17.236	53.316	42.593	5.2842	-2.685e+07
959	87.389	64.827	88.904	60.258	18.908	44.911	31.377	14.797	Inf
960	76.139	65.822	86.968	51.263	10.323	43.001	38.868	29.667	Inf
961	92.734	76.931	37.956	36.435	16.887	36.131	66.524	83.227	Inf
962	78.904	73.217	88.882	46.669	16.437	52.496	78.257	45.756	Inf
963	87.357	80.768	77.722	34.085	11.373	55.207	76.927	71.173	Inf
964	83.726	41.697	98.313	58.439	8.323	54.59	32.855	14.638	Inf
965	87.338	65.489	88.693	51.355	16.583	53.928	34.359	27.536	Inf
966	86.713	64.864	88.068	50.73	15.958	53.303	33.734	26.911	Inf
967	87.338	65.177	88.381	51.042	16.271	53.616	34.046	27.223	Inf
968	87.026	65.489	88.381	51.042	16.271	53.616	34.046	27.223	-2.9211e+07
969	87.026	65.177	88.693	51.042	16.271	53.616	34.046	27.223	-2.9222e+07
970	72.939	65.491	70.169	42.58	18.145	55.148	32.825	27.961	Inf
971	94.182	68.236	85.828	58.053	22.284	58.198	32.783	16.675	Inf
972	89.956	77.507	24.796	66.58	57.771	44.093	69.384	64.789	Inf
973	87.743	64.168	86.084	48.629	25.087	59.596	34.081	20.641	Inf
974	87.788	66.082	88.377	59.964	13.539	53.966	34.436	28.79	Inf
975	74.152	64.819	91.356	46.959	18.566	56.947	47.974	12.759	Inf
976	88.775	65.233	89.537	61.564	19.821	46.697	31.634	19.019	Inf
977	86.41	66.183	91.041	48.445	4.9315	48.04	37.154	30.402	Inf
978	86.34	81.292	39.725	45.925	0	30.505	42.198	61.33	Inf
979	78.971	74.481	84.633	53.588	12.965	57.143	82.96	24.129	Inf
980	86.875	77.418	74.251	51.633	5.5891	57.58	79.91	65.366	Inf
981	86.676	46.887	95.442	59.1	5.9129	52.57	32.955	0	Inf
982	87.651	65.802	89.318	51.667	16.896	54.241	34.671	27.848	Inf
983	86.401	64.552	88.068	50.417	15.646	52.991	33.421	26.598	Inf
984	87.651	65.177	88.693	51.042	16.271	53.616	34.046	27.223	Inf
985	87.026	65.802	88.693	51.042	16.271	53.616	34.046	27.223	Inf
986	87.026	65.177	89.318	51.042	16.271	53.616	34.046	27.223	-2.9207e+07
987	87.026	65.177	88.693	51.667	16.271	53.616	34.046	27.223	-2.9004e+07
988	87.026	65.177	88.693	51.042	16.896	53.616	34.046	27.223	Inf
989	87.026	65.177	88.693	51.042	16.271	54.241	34.046	27.223	-2.9233e+07
990	77.793	65.432	73.109	53.862	16.874	57.191	34.518	26.718	Inf
991	85.041	66.229	86.668	39.883	26.731	63.894	32.642	15.599	Inf
992	70.53	77.078	31.192	63.371	43.318	61.169	84.656	57.299	Inf
993	84.562	63.859	86.732	41.555	23.134	58.683	34.126	26.949	Inf
994	88.861	67.734	88.607	57.32	7.7908	54.381	34.588	25.728	Inf
995	72.091	64.848	93.443	47.659	20.372	59.951	51.652	23.971	Inf
996	88.767	65.518	89.145	57.662	18.843	50.271	32.748	25.153	Inf
997	91.53	66.072	91.891	46.075	7.2136	49.38	39.658	27.813	Inf
998	79.234	90.777	44.798	53.324	0	36.924	39.48	36.627	Inf
999	82.197	78.373	66.04	62.265	49.343	60.454	77.27	6.516	Inf
1000	87.501	79.806	75.151	58.945	3.7156	60.125	56.352	43.3	Inf
1001	86.177	48.656	91.23	61.357	4.3256	51.015	33.183	2.8057	Inf
1002	87.651	65.802	89.318	51.667	16.896	54.866	34.671	27.848	Inf
1003	86.401	64.552	88.068	50.417	15.646	53.616	33.421	26.598	Inf
1004	87.651	65.177	88.693	51.042	16.271	54.241	34.046	27.223	Inf
1005	87.026	65.802	88.693	51.042	16.271	54.241	34.046	27.223	Inf
1006	87.026	65.177	89.318	51.042	16.271	54.241	34.046	27.223	-2.9234e+07
